71985013201
85989919211
75991911297
85991812350
85999675737
79996042551
71982764883
85986371037
85987376562
79999838002
79988733838
71981333025
85997835924
71981627414
85994123165
71992499418
71993335618
71991304254
71986235021
79999570909
71988784448
71987115335
79998289206
71983469188
71992779100
71989267826
71991546597
79998503619
85988323372
71984761847
71986217175
71993608561
88999091642
85988539092
77998356771
71992726909
79981723532
71994073072
85996795613
71996257153
77988215359
75999881780
85999687297
79988572247
71991647752
79998506434
71992811563
71986594481
71985200000
75992561578
71999647009
85982180079
85991115414
71985255073
71988496551
85991765260
71984314518
85997400084
71996518733
85994401191
77988087205
71981321696
85986910974
71988869338
73988090913
85994401191
77988087205
71981321696
85986910974
71988869338
71988551133
77998293778
71988211260
71985254014
85992663390
73991828365
85991788584
71987345790
71992033666
71987998212
85994084433
71993399343
75982852836
71982198580
85994035947
73998350175
85985356684
85997391875
85999158719
71984717123
71984466494
71994046857
85987264091
85987147441
74988080120
85987701389
71984822640
85987919700
71991704501
77988117958
77981054309
85996850986
71991008384
85996715011
77999909223
85999078978
71992193863
71991182233
71996257153
85998261775
71986007337
73981591538
71992630515
71994057445
71993547697
85996914423
85999589856
85989481855
73981298108
73999029744
85999463939
88999575956
71987409540
85992738773
85999962603
71994091039
71981994705
74988741204
71981708564
77991988129
85992324305
71987998138
74999001444
85987606702
71981500991
71999330549
77998077242
71987441766
88999329501
71997031454
85986988660
71983316281
75988194564
71987974053
71988846228
71983473739
71992126019
85593079072
73998310359
73991188657
77981561141
73991114545
73998201415
85981672112
85997692057
71999988329
85997184428
71981227707
71997039166
71993239735
71992514997
71992018155
71991172617
71993274518
71985092473
75988282541
71988167542
85999135989
73981389633
71992331353
75991309613
77988519020
88988573818
88999153783
85988466103
71992209774
71981336350
73981187834
77997009787
85986521291
71984889097
85986351664
85992558448
73999387904
75991072996
71997114556
77988150876
71988347989
71988029047
71987441766
85996065430
71992500101
71993170164
77998098350
71993327136
71986553720
85987807762
71991725644
71991951350
71992024942
71987250878
71986279349
71991146808
71992212811
71997039563
75991802696
73932815340
71993431500
71982842885
71987562267
71984181080
71988350408
71988182030
6292809211
4999655742
4184064606
6294301250
12992089142
9184993813
22992597615
3191320592
6191540251
21976862864
3187656244
21920177539
3180215938
9591610189
6181348694
5399326297
5181686932
4599196607
4497625594
12992335850
6899343879
6194331129
6499993481
28999062281
6281704603
3398464288
21988312393
4497744163
5193253906
21983724114
21965123793
3788380872
6993419408
9885518423
9182812429
4199628771
21982717815
21965243407
4192312023
6195251993
4196973792
9881329859
6191363738
4498804145
27999512737
9182770202
6186390585
5185455422
4197740909
4197245140
4198905621
7998295236
9581121051
8198979887
6298086599
4796573072
9185171219
9284683538
6884228504
5104028483
6198652960
3897422670
6284458117
5493211615
21973231664
9182839825
9293032535
22999428565
21988983982
6286293929
21965015764
9180822277
5199042587
9294546117
9186139591
9291170932
9299627100
3193357741
9188657023
21972539574
9295275090
5194884304
6993403728
3896676666
5190170632
6186216148
9293136866
3899811336
6181540900
5384395576
6194203935
9281389534
6599401886
24988296669
5189172222
22997479497
4748646846
3498280676
27999530035
6884090823
21982118479
4196945905
6992494027
21999484880
9892032654
6292194342
27988446461
6192167121
9888552538
4196650086
6198580816
9285842752
6292809211
4999655742
4184064606
6294301250
12992089142
9184993813
22992597615
3191320592
6191540251
2197686286	4
3187656244
21920177539
3180215938
9591610189
6181348694
5399326297
5181686932
4599196607
4497625594
12992335850
6899343879
6194331129
6499993481
28999062281
6281704603
3398464288
21988312393
4497744163
5193253906
21983724114
21965123793
3788380872
6993419408
9885518423
9182812429
4199628771
21982717815
21965243407
4192312023
6195251993
4196973792
9881329859
6191363738
4498804145
27999512737
9182770202
6186390585
5185455422
4197740909
4197245140
4198905621
7998295236
9581121051
8198979887
6298086599
4796573072
9185171219
9284683538
6884228504
5104028483
6198652960
3897422670
6284458117
5493211615
21973231664
9182839825
9293032535
22999428565
21988983982
6286293929
21965015764
9180822277
5199042587
9294546117
9186139591
9291170932
9299627100
3193357741
9188657023
21972539574
9295275090
5194884304
6993403728
3896676666
5190170632
6186216148
9293136866
3899811336
6181540900
5384395576
6194203935
9281389534
6599401886
24988296669
5189172222
22997479497
4748646846
3498280676
27999530035
6884090823
21982118479
4196945905
6992494027
21999484880
9892032654
6292194342
27988446461
6192167121
9888552538
4196650086
6198580816
9285842752
6292809211
4999655742
4184064606
6294301250
12992089142
9184993813
22992597615
3191320592
6191540251
21976862864
3187656244
21920177539
3180215938
9591610189
6181348694
5399326297
5181686932
4599196607
4497625594
12992335850
6899343879
6194331129
6499993481
28999062281
6281704603
3398464288
21988312393
4497744163
5193253906
21983724114
21965123793
3788380872
6993419408
9885518423
9182812429
4199628771
21982717815
21965243407
4192312023
6195251993
4196973792
9881329859
6191363738
4498804145
27999512737
9182770202
6186390585
5185455422
4197740909
4197245140
4198905621
7998295236
9581121051
8198979887
6298086599
4796573072
9185171219
9284683538
6884228504
5104028483
6198652960
3897422670
6284458117
5493211615
21973231664
9182839825
9293032535
22999428565
21988983982
6286293929
21965015764
9180822277
5199042587
9294546117
9186139591
9291170932
9299627100
3193357741
9188657023
21972539574
9295275090
5194884304
6993403728
3896676666
5190170632
6186216148
9293136866
3899811336
6181540900
5384395576
6194203935
9281389534
6599401886
24988296669
5189172222
22997479497
4748646846
3498280676
27999530035
6884090823
21982118479
4196945905
6992494027
21999484880
9892032654
6292194342
27988446461
6192167121
9888552538
4196650086
6198580816
9285842752
6292809211
4999655742
4184064606
6294301250
12992089142
9184993813
22992597615
3191320592
6191540251
21976862864
3187656244
21920177539
3180215938
9591610189
6181348694
5399326297
5181686932
4599196607
4497625594
12992335850
6899343879
6194331129
6499993481
28999062281
6281704603
3398464288
21988312393
4497744163
5193253906
21983724114
21965123793
3788380872
6993419408
9885518423
9182812429
4199628771
21982717815
21965243407
4192312023
6195251993
4196973792
9881329859
6191363738
4498804145
27999512737
9182770202
6186390585
5185455422
4197740909
4197245140
4198905621
7998295236
9581121051
8198979887
6298086599
4796573072
9185171219
9284683538
6884228504
5104028483
6198652960
3897422670
6284458117
5493211615
21973231664
9182839825
9293032535
22999428565
21988983982
6286293929
21965015764
9180822277
5199042587
9294546117
9186139591
9291170932
9299627100
3193357741
9188657023
21972539574
9295275090
5194884304
6993403728
3896676666
5190170632
6186216148
9293136866
3899811336
6181540900
5384395576
6194203935
9281389534
6599401886
24988296669
5189172222
22997479497
4748646846
3498280676
27999530035
6884090823
21982118479
4196945905
6992494027
21999484880
9892032654
6292194342
27988446461
6192167121
9888552538
4196650086
6198580816
9285842752
85999008094
85981852728
71984015796
75988331925
71986279965
85987087007
71996449750
71989190283
71987038243
74988159927
71981703664
71988778719
73999575046
77999694301
73998623949
71988435795
71987746878
71999703559
71991744909
71986750737
71982409288
71988325691
71987701865
75992368382
71981277618
77988082629
73999109384
73983914572
71984505351
85997690528
73998347359
73982139626
71981651496
71982053831
85999816968
71982216222
71999055299
71987266577
77999202641
71986933068
71985558385
71988092824
75999508435
71984080683
85992688207
71992843906
73982169982
85996079352
71994100455
71981296698
71993250574
71991282915
71993289169
71996963763
71984684551
71992450634
85989362571
71994127292
71985430270
85998304836
74999103128
71987495868
85996850926
74988612907
71987652193
85988542766
71988360403
77988488771
71993876070
73991268009
71988323215
71985570924
71991337254
71993606351
71992324369
71992938538
85985144727
77998587924
77999425440
71988323215
71985570924
75982327575
71983004585
77999619686
71988896154
71988785103
73988648072
85998047744
71988854482
85996436728
77988598944
71991855992
71992612012
77988887178
74991014833
85986124066
73999566630
71991658710
73988546133
71991949344
71984633567
71992345141
75908640654
73981073963
75981072074
71992607502
71987852491
71992997879
85981525240
71996929698
77998164487
73988249791
85985214092
71983595056
75923101613
85985022855
71993625230
85986169383
71986593324
71991763622
71982654594
71986614707
73981022129
75983311608
85988706170
71988783533
71985051330
71982427613
71983940677
85986888037
71987235439
74988310494
71987108568
85997100258
71988770406
71984802158
71992559129
71983010781
71986206510
71982313687
71992931399
85985561704
77988373471
71988988115
71986629888
71985212247
71999384079
71988886099
73988625262
73998673470
71987262967
71985570829
71992736879
85999553301
71992914175
77998046315
71999727689
71983523171
85986051463
71999576170
71988543490
71985538882
73982557092
85999084532
85985334101
85992438318
71996805920
85987918799
71983619184
71987552134
85988350337
71988421032
71996467956
74998086240
85988257737
75982616377
85984212550
77998331780
85988253559
85989827290
71996818782
71985167410
85987431797
8586267445
7182174373
7196196572
85996869529
71993092326
85985648856
71982011436
71982624441
71996058334
85996164235
85997832940
77997014202
71981991999
85988331973
71991216674
73988428661
85985510409
71987068516
77998549128
85985204392
75981661198
85999536620
71987964181
71982914345
73999437799
71988215843
71986226695
71932114557
71982161523
85996419536
71992297179
71996196572
85996422331
85996857623
77999406097
85992651659
75992580933
71981899587
73991544920
77981103484
85989444484
71987586755
85988044333
71987434531
71987927381
75998951378
71987691083
71984410763
71985033092
85989356131
71993445395
71992588692
73998162530
85985424616
71992647497
73999631769
85998098688
71987993213
71983473457
71988810072
85989377260
77981363398
85986433220
71999285412
71996462690
77981576579
85991779134
71992132806
71993815762
71982090517
75998978296
71981858928
85985688258
71992630075
71984347104
85996555598
85988994166
85997543805
85988180961
85996619861
71989536407
85992576374
85999606467
85999976466
71992669247
74999798230
74988141161
71983002822
71984708723
75982863355
71999986567
71993509384
75982362978
85974010851
85996961714
71982704909
85989684225
71981571096
85996304378
85988014327
71996152050
71985193212
71991189494
77998683859
71988585681
85988593894
71996396020
71999232975
71988604300
71988522447
71988768692
85989033394
73998090361
71988435795
77991210511
75998195111
71992919728
71986448035
71994125071
75997162309
77981141315
71988037723
71987709731
71981953590
85989323118
71986985489
71984679452
71986269548
75991704545
71999755276
71981656452
71999327673
71991019612
71986440672
71992362070
77998360372
85986354657
85999361255
71988191178
85985355680
71986018726
71997236025
73988363500
71986448912
71982742700
71985229992
71986967814
71982142437
71986227276
71992297237
71991368891
71983158254
71999171016
71992366658
71988215916
71981803539
71999116141
85988302667
71984532311
73999552254
71992330148
71993153502
71996113146
77981184879
71981227707
75981422632
85996183797
71981404487
71981983137
77998112222
77991824044
71987474725
85984250840
77998057866
